Cycle	11350 mV	11300 mV	11250 mV	11200 mV	11150 mV	11100 mV	11050 mV	11000 mV	10950 mV	10900 mV	10850 mV	10800 mV	DCHG Capacity	CHG Capacity
1	630	1335	2115	3000	3900	4695	5370	5865	6300	7110	7485	7620	2118.300049	2145.283447	
2	630	1335	2130	3000	3885	4665	5340	5850	6270	7110	7455	7590	2115.537598	2129.779053	
3	645	1350	2130	3000	3900	4665	5340	5835	6270	7095	7440	7575	2113.891602	2121.425049	
4	645	1350	2130	3000	3885	4650	5325	5820	6240	7095	7425	7560	2111.541748	2126.199951	
5	645	1365	2130	3015	3885	4635	5325	5820	6240	7080	7425	7560	2108.000000	2121.699951	
6	630	1350	2130	3000	3870	4620	5310	5790	6225	7065	7410	7545	2107.920898	2113.179199	
7	645	1350	2145	3000	3870	4620	5295	5790	6225	7065	7395	7530	2109.462402	2122.149902	
8
9	630	1335	2130	2985	3840	4590	5265	5760	6195	7035	7365	7515	2105.699951	2116.133301	
10	630	1350	2130	2985	3840	4590	5280	5760	6195	7035	7365	7500	2106.016602	2112.683350	
11	630	1335	2115	2985	3840	4590	5250	5745	6180	7035	7365	7500	2106.145752	2118.595947	
12	630	1335	2115	2970	3825	4575	5250	5745	6165	7020	7350	7485	2102.112549	2111.191650	
13	630	1335	2115	2985	3810	4560	5235	5730	6165	7005	7335	7470	2100.562500	2112.254150	
14	645	1350	2130	2985	3810	4560	5235	5730	6150	7005	7335	7470	2104.145752	2110.654053	
15	645	1350	2130	2985	3825	4560	5250	5730	6165	7005	7335	7470	2102.370850	2110.183350	
16	630	1335	2115	2970	3810	4545	5220	5715	6135	6990	7320	7455	2100.654053	2107.570801	
17	645	1350	2115	2985	3795	4545	5220	5715	6150	6990	7320	7455	2100.433350	2107.591553	
18	630	1335	2115	2970	3795	4530	5205	5700	6135	6975	7305	7440	2098.795898	2108.491699	
19	645	1350	2115	2970	3795	4530	5205	5700	6120	6975	7305	7440	2098.570801	2109.279053	
20	630	1335	2115	2970	3780	4515	5190	5685	6120	6975	7305	7440	2096.475098	2107.816650	
21	645	1350	2130	2970	3795	4530	5205	5700	6120	6975	7305	7440	2096.612549	2099.195801	
22	630	1335	2115	2970	3780	4515	5190	5685	6105	6960	7290	7425	2096.012451	2098.691650	
23	630	1335	2115	2955	3780	4500	5190	5670	6105	6960	7290	7425	2092.270752	2101.904053	
24	630	1335	2100	2940	3750	4470	5160	5655	6090	6930	7275	7410	2093.345947	2098.754150	
25	630	1335	2115	2955	3750	4485	5160	5655	6075	6930	7275	7410	2093.220947	2099.258301	
26	630	1335	2100	2940	3750	4470	5145	5640	6075	6915	7260	7395	2093.524902	2098.524902	
27	630	1335	2100	2955	3750	4470	5160	5655	6075	6930	7260	7410	2091.608398	2101.545898	
28	630	1335	2100	2940	3750	4470	5145	5655	6060	6915	7260	7395	2091.487549	2101.729248	
29	630	1335	2100	2940	3750	4470	5145	5640	6075	6915	7260	7395	2089.162598	2091.550049	
30	630	1335	2115	2940	3735	4455	5130	5625	6060	6900	7245	7380	2091.300049	2096.354248	
31	615	1335	2085	2925	3720	4455	5130	5625	6045	6900	7230	7380	2089.720947	2101.154053	
32	630	1335	2100	2940	3735	4455	5130	5625	6045	6900	7245	7380	2089.204102	2101.149902	
33	645	1335	2085	2910	3720	4440	5115	5610	6045	6885	7230	7365	2088.145752	2091.774902	
34	645	1335	2100	2940	3720	4440	5115	5625	6045	6885	7245	7380	2087.545898	2098.408447	
35	630	1320	2085	2910	3705	4425	5100	5595	6030	6870	7230	7365	2087.358398	2090.537598	
36	630	1320	2085	2925	3705	4425	5100	5595	6030	6870	7215	7350	2084.491699	2090.058350	
37	630	1320	2085	2925	3720	4440	5115	5595	6030	6870	7230	7365	2086.333252	2099.300049	
38	630	1320	2085	2910	3705	4410	5085	5595	6015	6855	7215	7350	2086.441650	2094.012451	
39	630	1320	2085	2925	3705	4410	5100	5595	6015	6855	7215	7350	2084.808350	2095.729248	
40	630	1320	2085	2910	3705	4410	5100	5595	6015	6870	7215	7350	2082.758301	2097.958252	
41	630	1320	2085	2895	3705	4395	5070	5580	6000	6840	7200	7335	2081.420898	2093.879150	
42	630	1320	2085	2910	3690	4395	5085	5580	6000	6840	7200	7350	2085.862549	2087.175049	
43	630	1320	2085	2910	3690	4395	5085	5580	6015	6855	7200	7350	2081.458252	2095.875000	
44	630	1320	2085	2910	3690	4395	5070	5565	5985	6825	7200	7335	2081.258301	2086.604248	
45	630	1320	2070	2895	3675	4380	5070	5565	6000	6825	7185	7335	2079.162598	2084.562500	
46	630	1335	2085	2895	3675	4380	5055	5565	5985	6825	7185	7335	2081.250000	2086.383301	
47	615	1305	2070	2880	3675	4380	5055	5550	5985	6810	7185	7320	2079.579102	2085.616699	
48	630	1335	2085	2895	3675	4380	5055	5565	5985	6810	7185	7335	2079.391602	2085.083252	
49	615	1320	2055	2880	3660	4365	5040	5535	5970	6795	7170	7305	2077.745850	2084.512451	
50	630	1320	2070	2880	3675	4365	5040	5550	5970	6795	7170	7320	2079.574951	2084.570801	
51	630	1320	2070	2895	3660	4380	5040	5550	5970	6810	7170	7320	2077.870850	2087.033447	
52	630	1320	2070	2880	3660	4365	5040	5535	5970	6795	7170	7320	2079.524902	2091.795898	
53	630	1320	2070	2880	3645	4350	5040	5535	5970	6780	7170	7305	2076.083252	2087.445801	
54	630	1305	2070	2865	3645	4350	5025	5520	5955	6780	7155	7305	2075.949951	2079.008301	
55	645	1320	2070	2880	3660	4350	5040	5535	5955	6795	7170	7320	2075.991699	2086.887451	
56	630	1320	2070	2880	3660	4350	5040	5535	5955	6795	7170	7320	2074.395752	2084.579102	
57	615	1305	2055	2865	3645	4335	5025	5520	5940	6780	7155	7305	2074.399902	2075.504150	
58	630	1305	2070	2865	3645	4335	5010	5520	5940	6765	7140	7290	2072.591553	2076.995850	
59	630	1320	2055	2865	3645	4335	5025	5520	5940	6765	7155	7305	2072.858398	2076.766602	
60	615	1320	2070	2865	3645	4335	5010	5520	5940	6765	7140	7290	2072.708252	2086.045898	
61	615	1320	2055	2850	3645	4320	5010	5505	5940	6750	7140	7290	2071.158447	2083.987549	
62	630	1305	2070	2865	3630	4320	4995	5505	5925	6750	7140	7290	2071.083252	2082.583252	
63	630	1320	2070	2865	3645	4320	5010	5505	5940	6750	7155	7290	2072.154053	2081.562500	
64	630	1305	2055	2850	3630	4320	4995	5505	5925	6735	7140	7290	2069.679199	2082.945801	
65	615	1305	2055	2850	3615	4305	4995	5490	5925	6735	7125	7275	2069.037598	2085.683350	
66	630	1305	2055	2850	3615	4320	4995	5505	5925	6735	7140	7290	2069.616699	2078.250000	
67	615	1305	2040	2850	3615	4305	4980	5490	5910	6720	7125	7275	2071.633301	2081.654053	
68	630	1305	2055	2850	3630	4305	4995	5505	5925	6735	7125	7290	2067.954102	2081.212402	
69	630	1320	2055	2865	3630	4305	4995	5490	5925	6735	7125	7275	2067.862549	2073.237549	
70	615	1305	2055	2850	3615	4290	4980	5490	5910	6720	7125	7275	2066.187500	2075.154053	
71	615	1290	2040	2820	3600	4290	4965	5475	5895	6705	7110	7260	2067.712402	2072.375000	
72	630	1305	2040	2835	3615	4290	4980	5475	5895	6720	7110	7260	2065.616699	2072.399902	
73	615	1305	2040	2835	3600	4290	4965	5475	5895	6705	7110	7260	2063.845947	2069.383301	
74	615	1305	2055	2850	3615	4290	4965	5475	5910	6705	7110	7275	2065.824951	2071.066650	
75	630	1305	2055	2850	3600	4290	4965	5475	5895	6705	7110	7260	2064.533447	2075.995850	
76	615	1305	2040	2820	3600	4275	4965	5460	5895	6690	7110	7260	2066.170898	2068.266602	
77	615	1305	2040	2835	3600	4275	4965	5460	5895	6690	7110	7260	2062.641602	2073.083252	
78	630	1290	2040	2835	3600	4275	4950	5460	5880	6675	7095	7245	2062.104248	2069.008301	
79	615	1305	2040	2820	3585	4275	4950	5460	5880	6690	7095	7245	2060.625000	2066.600098	
80	630	1305	2040	2835	3585	4275	4950	5460	5880	6675	7110	7260	2064.645752	2066.866699	
81	630	1320	2040	2850	3600	4275	4950	5475	5895	6690	7110	7260	2062.991699	2077.470947	
82	630	1305	2055	2820	3600	4275	4950	5460	5895	6675	7110	7260	2060.708252	2069.829102	
83	615	1305	2040	2835	3585	4260	4935	5445	5880	6660	7095	7245	2059.183350	2067.954102	
84	615	1305	2040	2805	3570	4260	4935	5445	5865	6660	7080	7245	2044.329224	2047.808350	
85	615	1290	2025	2820	3585	4260	4935	5445	5880	6660	7095	7245	2045.616699	2047.008301	
86	615	1290	2025	2805	3570	4245	4935	5445	5865	6660	7080	7230	2042.275024	2051.129150	
87	615	1290	2025	2820	3570	4245	4935	5445	5865	6660	7080	7230	2042.266724	2054.729248	
88	615	1305	2040	2820	3570	4245	4935	5445	5865	6645	7080	7245	2046.612549	2052.754150	
89	615	1290	2010	2805	3555	4230	4920	5415	5850	6630	7065	7215	2040.562500	2056.529053	
90	630	1305	2025	2805	3570	4245	4920	5430	5865	6645	7080	7230	2041.954224	2046.220825	
91	615	1290	2025	2805	3570	4230	4920	5430	5850	6630	7080	7230	2040.699951	2052.320801	
92	615	1305	2025	2805	3555	4230	4905	5430	5850	6630	7065	7230	2038.762451	2049.616699	
93	615	1290	2025	2805	3555	4230	4905	5415	5850	6615	7065	7215	2036.695801	2046.762451	
94	615	1305	2025	2805	3570	4230	4905	5430	5850	6630	7065	7230	2039.208374	2042.558350	
95	615	1290	2025	2820	3555	4245	4920	5430	5850	6630	7065	7230	2038.995850	2045.324951	
96	630	1305	2025	2805	3570	4245	4920	5430	5850	6630	7080	7230	2037.145874	2047.045776	
97	600	1290	2010	2790	3555	4215	4890	5415	5835	6600	7050	7215	2037.304199	2043.254150	
98	615	1290	2010	2790	3555	4215	4905	5415	5835	6600	7050	7215	2037.324951	2043.650024	
99	600	1275	2010	2790	3540	4215	4890	5415	5835	6600	7050	7215	2035.158325	2045.704224	
100	630	1290	2025	2790	3555	4230	4905	5415	5835	6600	7065	7215	2033.574951	2039.291626	
101	600	1275	2010	2775	3540	4215	4890	5400	5820	6585	7050	7200	2035.016724	2042.987549	
102	615	1290	2010	2790	3555	4215	4890	5415	5835	6600	7050	7215	2037.645874	2047.195801	
103	615	1290	2010	2790	3540	4215	4890	5400	5820	6585	7050	7215	2034.112549	2044.679199	
104	615	1290	2010	2790	3555	4215	4890	5400	5835	6585	7050	7215	2033.412476	2040.237549	
105	615	1290	2010	2790	3540	4200	4890	5400	5820	6570	7050	7200	2016.341675	2021.324951	
106	615	1290	2025	2790	3540	4215	4890	5400	5820	6570	7050	7215	2017.058350	2016.137451	
107	615	1275	2010	2775	3525	4200	4875	5385	5820	6570	7035	7200	2015.216675	2024.533325	
108	615	1290	2025	2790	3540	4200	4890	5400	5820	6570	7050	7215	2015.187500	2022.120850	
109	615	1290	2010	2790	3540	4200	4875	5400	5820	6570	7050	7215	2013.500000	2023.145874	
110	600	1275	2010	2775	3525	4185	4860	5385	5805	6555	7020	7185	2013.779175	2024.083374	
111	615	1275	2010	2775	3525	4200	4875	5385	5805	6555	7035	7200	2013.579224	2027.020874	
112	615	1275	1995	2775	3525	4185	4875	5385	5805	6555	7035	7200	2015.500000	2024.787476	
113	615	1275	2010	2775	3525	4185	4860	5385	5805	6555	7035	7200	2015.691650	2024.712524	
114	615	1290	2010	2775	3525	4200	4875	5385	5805	6555	7035	7200	2013.425049	2027.804199	
115	615	1290	2010	2775	3525	4185	4875	5385	5805	6540	7035	7200	2011.391724	2032.537476	
116	600	1275	1995	2760	3510	4170	4845	5370	5790	6525	7020	7185	2018.316650	2024.612549	
117	600	1290	1995	2775	3525	4185	4860	5385	5805	6540	7020	7185	2013.616699	2030.370850	
118	600	1275	1995	2760	3510	4185	4845	5370	5790	6525	7005	7170	2007.683350	2022.733276	
119	615	1275	1995	2760	3510	4170	4845	5370	5790	6525	7020	7185	2013.729126	2026.008301	
120	615	1275	2010	2775	3525	4185	4860	5370	5790	6525	7020	7185	2013.870850	2024.675049	
121	600	1275	1995	2760	3510	4170	4845	5355	5790	6525	7005	7170	2009.699951	2029.795776	
122	600	1275	1995	2760	3510	4170	4845	5370	5790	6510	7005	7170	2005.670776	2025.354126	
123	615	1275	1995	2760	3510	4170	4845	5370	5790	6525	7020	7185	2014.233276	2023.329224	
124	615	1290	2010	2775	3510	4170	4845	5370	5790	6510	7020	7185	2012.637451	2025.295776	
125	615	1290	1995	2760	3510	4170	4845	5370	5790	6510	7005	7185	2010.120850	2031.483276	
126	615	1275	1995	2760	3495	4170	4845	5370	5790	6495	7005	7170	1991.120850	2007.620850	
127	600	1275	1995	2745	3495	4155	4830	5355	5775	6480	6990	7155	1983.854126	2005.316650	
128	615	1275	1995	2760	3495	4170	4830	5355	5775	6510	7005	7170	1987.829224	1998.262451	
129	600	1260	1980	2745	3495	4155	4830	5355	5775	6480	6990	7170	1989.416626	2008.391724	
130	615	1275	1980	2745	3495	4155	4830	5355	5775	6480	6990	7155	1987.837524	1996.141724	
131	615	1275	1995	2760	3495	4170	4830	5355	5790	6495	7005	7170	1989.754150	2000.208374	
132	615	1275	1995	2775	3510	4155	4830	5355	5775	6480	7005	7170	1989.750000	1998.962524	
133	615	1275	1995	2745	3495	4155	4830	5340	5775	6465	6990	7155	1987.841675	1999.791626	
134	615	1260	1980	2760	3480	4140	4830	5340	5775	6465	6990	7170	1988.487549	2000.545776	
135	600	1275	1965	2730	3480	4140	4815	5325	5760	6465	6975	7155	1986.250000	1993.766724	
136	600	1260	1965	2730	3480	4140	4815	5340	5760	6435	6975	7155	1986.179199	1993.329224	
137	600	1260	1980	2730	3480	4140	4815	5340	5760	6450	6990	7155	1986.574951	1991.070801	
138	615	1275	1995	2745	3495	4155	4815	5340	5760	6465	6990	7155	1986.470825	1992.875000	
139	600	1260	1980	2730	3480	4140	4815	5340	5760	6450	6975	7155	1986.458374	1988.195801	
140	600	1260	1980	2730	3480	4140	4800	5340	5760	6435	6975	7155	1986.533325	1996.283325	
141	600	1260	1965	2730	3465	4125	4800	5325	5745	6435	6975	7140	1986.283325	1991.633301	
142	600	1275	1980	2745	3480	4140	4815	5340	5760	6435	6975	7155	1984.854126	1987.466675	
143	615	1275	1980	2745	3480	4140	4815	5340	5760	6435	6975	7155	1984.745850	1994.733276	
144	615	1275	1980	2745	3480	4140	4815	5340	5760	6435	6975	7155	1984.683350	1991.016724	
145	615	1260	1980	2730	3465	4125	4800	5325	5745	6420	6975	7155	1983.329224	1987.229126	
146	600	1260	1965	2730	3465	4125	4800	5325	5745	6420	6975	7140	1983.520874	1985.083374	
147	615	1275	1980	2730	3465	4125	4800	5325	5745	6420	6975	7155	1966.058350	1972.345825	
148	600	1260	1980	2730	3480	4125	4800	5325	5745	6420	6975	7155	1966.054199	1972.129150	
149	615	1260	1980	2730	3480	4125	4800	5325	5745	6420	6975	7155	1961.791626	1970.875000	
150	615	1275	1965	2730	3465	4125	4785	5325	5745	6420	6960	7140	1966.291626	1975.520874	
151	615	1260	1980	2745	3465	4125	4800	5325	5745	6405	6975	7140	1962.429199	1973.562500	
152	600	1260	1980	2730	3465	4110	4785	5310	5730	6390	6960	7140	1964.379150	1965.454224	
153	600	1260	1980	2730	3465	4110	4785	5325	5745	6405	6960	7140	1966.437500	1968.074951	
154	600	1260	1965	2715	3465	4110	4785	5310	5730	6390	6945	7140	1962.691650	1974.845825	
155	615	1275	1965	2715	3465	4125	4785	5325	5745	6390	6960	7140	1964.620850	1968.462524	
156	615	1275	1980	2715	3465	4110	4785	5310	5745	6390	6960	7140	1962.574951	1970.712524	
157	600	1260	1980	2730	3465	4125	4785	5310	5745	6390	6960	7140	1962.949951	1974.079224	
158	615	1260	1965	2730	3465	4125	4785	5310	5730	6390	6960	7140	1963.050049	1974.695801	
159	615	1260	1965	2715	3465	4110	4770	5310	5730	6360	6945	7125	1962.795776	1972.675049	
160	600	1260	1965	2715	3465	4110	4770	5310	5730	6375	6960	7140	1965.370850	1972.449951	
161	615	1260	1965	2730	3465	4110	4770	5310	5730	6375	6945	7125	1963.108276	1975.320801	
162	600	1275	1965	2715	3450	4110	4770	5295	5715	6375	6945	7125	1961.029175	1972.333374	
163	615	1260	1965	2715	3450	4110	4770	5310	5730	6360	6945	7125	1960.991699	1970.245850	
164	600	1260	1965	2715	3450	4095	4770	5310	5730	6360	6945	7125	1959.375000	1964.729126	
165	600	1260	1950	2700	3435	4095	4755	5295	5715	6360	6930	7110	1959.391724	1966.175049	
166	600	1260	1965	2715	3450	4095	4770	5295	5730	6360	6945	7125	1959.683350	1962.766724	
167	600	1245	1950	2715	3450	4095	4770	5295	5715	6345	6930	7110	1940.604126	1953.133301	
168	615	1260	1965	2730	3450	4110	4770	5310	5730	6360	6945	7125	1938.708374	1946.495850	
169	600	1260	1965	2700	3435	4095	4755	5295	5715	6345	6930	7125	1940.566650	1944.129150	
170	600	1245	1950	2700	3435	4095	4755	5295	5715	6345	6930	7110	1936.979126	1947.929199	
171	600	1260	1980	2715	3450	4095	4770	5295	5730	6345	6930	7125	1932.925049	1947.166626	
172	600	1245	1965	2685	3435	4080	4755	5280	5700	6345	6930	7110	1935.787476	1937.991699	
173	600	1260	1965	2700	3435	4095	4770	5295	5715	6345	6945	7125	1939.562500	1950.070801	
174	600	1260	1965	2715	3435	4080	4755	5295	5715	6330	6930	7125	1938.991699	1953.229126	
175	600	1275	1980	2715	3450	4095	4770	5295	5730	6330	6945	7125	1937.020874	1946.591675	
176	615	1275	1965	2700	3450	4095	4755	5295	5715	6330	6930	7125	1935.179199	1941.591675	
177	600	1260	1950	2700	3435	4080	4740	5280	5700	6330	6930	7125	1937.645874	1948.387451	
178	600	1260	1965	2700	3435	4095	4755	5295	5715	6315	6930	7125	1937.858276	1942.145874	
179	600	1260	1965	2715	3435	4095	4755	5295	5715	6330	6930	7125	1936.516724	1944.945801	
180	600	1260	1965	2700	3435	4095	4755	5295	5715	6315	6930	7110	1937.695801	1946.895874	
181	615	1260	1965	2715	3435	4095	4755	5280	5715	6315	6930	7125	1936.012451	1945.245850	
182	600	1245	1950	2700	3420	4080	4740	5280	5700	6300	6915	7110	1935.633301	1942.304199	
183	600	1260	1965	2700	3435	4080	4740	5280	5700	6300	6915	7110	1936.387451	1937.758301	
184	615	1260	1965	2700	3435	4080	4740	5295	5700	6300	6915	7110	1935.824951	1951.587524	
185	585	1245	1950	2685	3420	4065	4725	5265	5685	6285	6900	7095	1930.191650	1943.433350	
186	600	1260	1965	2685	3420	4080	4740	5280	5700	6285	6915	7110	1938.387451	1944.675049	
187	585	1245	1950	2685	3420	4065	4725	5265	5700	6285	6900	7095	1932.270874	1949.445801	
188	600	1245	1950	2685	3405	4065	4725	5265	5685	6285	6915	7110	1938.462524	1944.591675	
189	585	1245	1950	2685	3405	4065	4725	5265	5685	6285	6900	7095	1934.283325	1950.229126	
190	600	1245	1950	2685	3420	4065	4725	5265	5685	6270	6900	7095	1929.941650	1944.816650	
191	585	1230	1935	2685	3405	4065	4725	5250	5685	6270	6885	7080	1928.283325	1941.991699	
192	600	1245	1950	2685	3420	4065	4725	5265	5685	6270	6900	7095	1932.733276	1944.262451	
193	600	1245	1950	2685	3420	4065	4725	5265	5685	6270	6900	7095	1932.704224	1948.820801	
194	600	1260	1950	2685	3420	4080	4725	5265	5700	6270	6900	7095	1932.595825	1945.204224	
195	585	1245	1935	2670	3405	4050	4710	5265	5670	6255	6900	7095	1932.920776	1940.862549	
196	600	1245	1935	2685	3405	4050	4725	5265	5670	6255	6885	7095	1932.949951	1943.766724	
197	585	1245	1935	2685	3405	4050	4725	5250	5670	6255	6885	7095	1932.333374	1942.824951	
198	585	1230	1920	2670	3390	4050	4710	5250	5670	6240	6885	7080	1930.733276	1932.941650	
199	585	1245	1935	2670	3405	4050	4725	5265	5685	6255	6900	7095	1931.058350	1940.058350	
200	585	1245	1935	2685	3405	4050	4725	5250	5670	6240	6885	7095	1929.083374	1939.479126	
201	600	1245	1935	2670	3405	4050	4710	5250	5670	6240	6885	7080	1932.791626	1937.941650	
202	600	1245	1950	2685	3420	4065	4725	5265	5685	6255	6900	7095	1931.241699	1934.108276	
203	585	1245	1935	2685	3390	4050	4710	5250	5670	6240	6885	7095	1929.466675	1940.608276	
204	600	1245	1935	2670	3405	4050	4710	5250	5670	6240	6885	7095	1931.175049	1942.558350	
205	585	1245	1935	2670	3405	4050	4710	5250	5685	6240	6885	7095	1929.412476	1937.554199	
206	600	1245	1950	2670	3390	4035	4710	5235	5670	6225	6885	7080	1928.991699	1937.620850	
207	600	1260	1950	2685	3405	4050	4710	5265	5670	6225	6885	7095	1927.766724	1934.554199	
208	585	1245	1935	2670	3390	4035	4695	5250	5670	6225	6885	7080	1929.795776	1934.341675	
209	585	1230	1920	2670	3390	4035	4695	5235	5670	6210	6870	7080	1927.675049	1946.199951	
210	585	1245	1935	2670	3390	4035	4695	5250	5670	6225	6885	7080	1931.733276	1942.670776	
211	600	1245	1950	2685	3405	4050	4710	5250	5670	6225	6885	7095	1926.812500	1941.087524	
212	585	1230	1920	2670	3405	4035	4695	5235	5655	6210	6870	7080	1925.591675	1932.520874	
213	585	1230	1935	2655	3390	4035	4695	5235	5655	6210	6870	7065	1919.800049	1936.283325	
214	585	1245	1935	2670	3390	4035	4695	5235	5655	6210	6870	7080	1926.583374	1931.625000	
215	585	1245	1935	2655	3390	4035	4695	5235	5655	6210	6870	7065	1926.983276	1951.279175	
216	600	1245	1920	2670	3390	4035	4695	5235	5670	6210	6855	7065	1924.570801	1939.054199	
217	600	1260	1950	2670	3390	4035	4695	5235	5670	6195	6870	7080	1921.574951	1944.029175	
218	585	1245	1920	2655	3375	4035	4680	5235	5655	6195	6855	7065	1927.987549	1933.245850	
219	585	1230	1935	2670	3390	4035	4680	5235	5655	6195	6870	7065	1926.291626	1945.620850	
220	600	1245	1935	2670	3390	4035	4695	5235	5670	6210	6870	7080	1926.800049	1937.795776	
221	585	1230	1935	2670	3375	4035	4680	5235	5655	6180	6855	7065	1928.370850	1939.141724	
222	600	1245	1935	2670	3390	4050	4695	5235	5670	6195	6870	7080	1926.324951	1939.641724	
223	585	1230	1935	2655	3375	4035	4680	5235	5655	6180	6855	7065	1928.529175	1933.062500	
224	600	1245	1935	2670	3390	4035	4695	5235	5655	6195	6870	7080	1922.379150	1934.937500	
225	585	1230	1920	2655	3375	4020	4680	5220	5640	6165	6855	7065	1924.808350	1933.666626	
226	585	1230	1935	2655	3375	4035	4680	5235	5655	6180	6855	7065	1922.287476	1932.591675	
227	600	1245	1935	2655	3390	4035	4680	5235	5655	6180	6855	7080	1926.833374	1929.204224	
228	600	1245	1935	2670	3375	4035	4680	5235	5655	6180	6870	7080	1923.108276	1930.820801	
229	600	1245	1920	2655	3375	4020	4680	5220	5640	6150	6855	7065	1926.604126	1936.150024	
230	585	1230	1935	2655	3375	4020	4680	5220	5670	6180	6855	7065	1922.204224	1939.295776	
231	585	1230	1920	2640	3375	4020	4665	5220	5640	6165	6855	7065	1919.995850	1926.737549	
232	585	1230	1920	2655	3375	4020	4680	5220	5640	6165	6855	7065	1922.812500	1926.824951	
233	585	1230	1920	2640	3375	4020	4665	5220	5640	6165	6855	7065	1924.712524	1929.275024	
234	600	1245	1920	2655	3375	4035	4680	5235	5655	6165	6855	7080	1923.058350	1927.912476	
235	600	1245	1935	2655	3375	4020	4680	5220	5655	6165	6855	7065	1920.979126	1929.187500	
236	585	1230	1935	2640	3375	4020	4665	5220	5640	6150	6855	7065	1921.270874	1929.770874	
237	600	1230	1920	2655	3360	4005	4665	5220	5640	6150	6840	7050	1923.058350	1930.958374	
238	600	1230	1920	2655	3375	4020	4680	5220	5640	6165	6840	7065	1921.279175	1934.349976	
239	585	1230	1905	2640	3360	4005	4650	5205	5625	6135	6825	7050	1921.245850	1936.204224	
240	600	1230	1920	2655	3360	4005	4680	5220	5640	6150	6840	7065	1923.474976	1929.916626	
241	585	1230	1920	2640	3360	4005	4665	5220	5640	6135	6840	7065	1921.279175	1937.687500	
242	585	1230	1920	2640	3375	4020	4665	5220	5640	6150	6840	7065	1917.112549	1929.716675	
243	585	1230	1920	2655	3360	4005	4665	5220	5640	6135	6840	7050	1921.887451	1928.437500	
244	585	1230	1920	2640	3360	4005	4665	5205	5625	6135	6840	7050	1919.854126	1927.658325	
245	585	1215	1905	2625	3345	4005	4635	5190	5625	6120	6825	7050	1918.000000	1932.845825	
246	585	1245	1920	2640	3375	4005	4665	5205	5625	6135	6840	7050	1917.495850	1922.570801	
247	585	1215	1905	2640	3345	3990	4650	5205	5625	6120	6825	7050	1917.758301	1925.187500	
248	585	1230	1920	2640	3345	4005	4650	5205	5625	6120	6825	7050	1914.029175	1923.866699	
249	585	1230	1920	2640	3360	3990	4650	5205	5625	6120	6825	7050	1915.695801	1922.566650	
250	585	1230	1920	2625	3345	3990	4650	5205	5625	6120	6825	7050	1922.187500	1923.087524	
251	585	1230	1905	2640	3360	4005	4650	5205	5625	6135	6825	7050	1913.945801	1930.208374	
252
253	585	1230	1905	2625	3345	3990	4635	5190	5625	6105	6825	7035	1914.025024	1923.379150	
254	585	1245	1920	2640	3360	4005	4650	5205	5625	6120	6825	7050	1920.004150	1928.329224	
255	600	1230	1920	2640	3360	3990	4650	5190	5625	6120	6825	7050	1917.841675	1943.229126	
256	585	1230	1920	2640	3345	3990	4635	5205	5625	6120	6810	7035	1911.754150	1925.345825	
257	600	1230	1905	2625	3345	3990	4635	5190	5625	6105	6810	7050	1914.495850	1921.204224	
258	570	1215	1905	2625	3345	3975	4635	5190	5610	6090	6810	7035	1918.712524	1926.445801	
259	585	1215	1905	2625	3345	3990	4635	5190	5625	6090	6810	7035	1903.479126	1920.137451	
260	585	1230	1905	2640	3345	3990	4650	5205	5625	6105	6825	7050	1912.550049	1919.425049	
261	585	1230	1905	2625	3330	3990	4635	5190	5610	6090	6810	7035	1912.879150	1913.949951	
262	585	1215	1905	2625	3330	3990	4635	5190	5610	6090	6810	7035	1913.033325	1929.974976	
263	585	1230	1905	2625	3345	3990	4635	5190	5625	6090	6810	7035	1914.658325	1924.383301	
264	585	1230	1920	2625	3345	3990	4635	5190	5610	6090	6810	7035	1918.433350	1929.216675	
265	585	1230	1905	2640	3345	3990	4650	5190	5625	6105	6810	7035	1913.870850	1933.904175	
266	585	1215	1905	2625	3345	3975	4635	5190	5610	6090	6810	7035	1910.429199	1924.625000	
267	600	1230	1905	2625	3345	3990	4635	5190	5625	6105	6810	7035	1910.583374	1916.875000	
